[gd_scene load_steps=14 format=2]

[ext_resource path="res://scripts/Map.gd" type="Script" id=1]

[sub_resource type="PlaneMesh" id=1]
size = Vector2( 40, 40 )

[sub_resource type="SpatialMaterial" id=2]
albedo_color = Color( 0.729412, 0.752941, 0.886275, 1 )

[sub_resource type="CylinderMesh" id=3]
top_radius = 5.0
bottom_radius = 6.0
height = 0.25
radial_segments = 16

[sub_resource type="SphereMesh" id=4]
height = 1.0
radial_segments = 10
rings = 5
is_hemisphere = true

[sub_resource type="BoxShape" id=5]
extents = Vector3( 2.55931, 0.753974, 1.90567 )

[sub_resource type="SpatialMaterial" id=6]
albedo_color = Color( 0.760784, 0.572549, 0.34902, 1 )

[sub_resource type="CubeMesh" id=7]
material = SubResource( 6 )
size = Vector3( 0.75, 0.1, 0.5 )

[sub_resource type="CubeMesh" id=8]
material = SubResource( 6 )
size = Vector3( 0.1, 0.75, 0.05 )

[sub_resource type="CubeMesh" id=9]
size = Vector3( 1.5, 0.1, 4 )

[sub_resource type="BoxShape" id=10]
extents = Vector3( 2.56559, 1.37752, 1.13016 )

[sub_resource type="CylinderMesh" id=11]
top_radius = 0.79
bottom_radius = 1.1
height = 0.25
radial_segments = 16

[sub_resource type="BoxShape" id=12]
extents = Vector3( 2.08604, 0.764475, 1.60218 )

[node name="Map" type="Node"]
script = ExtResource( 1 )

[node name="DirectionalLight" type="DirectionalLight" parent="."]
transform = Transform( 1, 0, 0, 0, 0.262997, 0.964797, 0, -0.964797, 0.262997, 0, 0, 0 )
light_energy = 0.25

[node name="CameraOrigin" type="Spatial" parent="."]
transform = Transform( 0.707107, -0.5, 0.5, 0, 0.707107, 0.707107, -0.707107, -0.5, 0.5, 0, 0, 0 )

[node name="Camera" type="Camera" parent="CameraOrigin"]
transform = Transform( 1, 5.96046e-08, 0, -5.96046e-08, 0.92388, -0.382684, -8.9407e-08, 0.382684, 0.92388, -7.15256e-07, -1.49123, 6.50877 )
projection = 1
size = 6.0

[node name="Ocean" type="MeshInstance" parent="."]
transform = Transform( 0.707107, 0, 0.707107, 0, 1, 0, -0.707107, 0, 0.707107, -0.011, -0.5, 0 )
mesh = SubResource( 1 )
material/0 = SubResource( 2 )

[node name="Mainland" type="Spatial" parent="."]

[node name="IceSheet" type="MeshInstance" parent="Mainland"]
transform = Transform( 1, 0, 0, 0, 1, 0, 0, 0, 1, 0, -0.125, 0 )
mesh = SubResource( 3 )
material/0 = null

[node name="Restaurant" type="Area" parent="Mainland"]
transform = Transform( 0.707107, 0, -0.707107, 0, 1, 0, 0.707107, 0, 0.707107, 1, 0, -3.5 )

[node name="MeshInstance" type="MeshInstance" parent="Mainland/Restaurant"]
mesh = SubResource( 4 )
material/0 = null

[node name="CollisionShape" type="CollisionShape" parent="Mainland/Restaurant"]
shape = SubResource( 5 )

[node name="Fishing" type="Area" parent="Mainland"]
transform = Transform( 0.388834, 0, 0.921308, 0, 1, 0, -0.921308, 0, 0.388834, -3.85661, 0, 0.267914 )

[node name="Sign" type="MeshInstance" parent="Mainland/Fishing"]
transform = Transform( 1, 1.78814e-07, 5.58794e-09, 0, 0.0230362, -0.999735, 0, 0.999735, 0.0230362, 1.19209e-07, 0.586711, 4.76837e-07 )
mesh = SubResource( 7 )
material/0 = null

[node name="Post" type="MeshInstance" parent="Mainland/Fishing"]
mesh = SubResource( 8 )
material/0 = null

[node name="Bridge" type="MeshInstance" parent="Mainland/Fishing"]
transform = Transform( 0.94508, 0, 0.326838, 0, 1, 0, -0.326838, 0, 0.94508, -1.39934, 0, -2.30928 )
mesh = SubResource( 9 )
material/0 = SubResource( 6 )

[node name="CollisionShape" type="CollisionShape" parent="Mainland/Fishing"]
transform = Transform( 0.341709, 0, -0.939806, 0, 1, 0, 0.939806, 0, 0.341709, -1.2779, 0, -1.84424 )
shape = SubResource( 10 )

[node name="Foraging" type="Area" parent="."]
transform = Transform( 1, 0, 0, 0, 1, 0, 0, 0, 1, -3.54028, 0, -7.43281 )

[node name="MeshInstance" type="MeshInstance" parent="Foraging"]
mesh = SubResource( 11 )
material/0 = null

[node name="MeshInstance2" type="MeshInstance" parent="Foraging"]
transform = Transform( 1, 0, 0, 0, 1, 0, 0, 0, 1, -1.39181, -0.194855, 0 )
mesh = SubResource( 11 )
material/0 = null

[node name="MeshInstance3" type="MeshInstance" parent="Foraging"]
transform = Transform( 1, 0, 0, 0, 1, 0, 0, 0, 1, -0.770077, -0.126114, -1.20219 )
mesh = SubResource( 11 )
material/0 = null

[node name="CollisionShape" type="CollisionShape" parent="Foraging"]
transform = Transform( 0.787581, 0, 0.616211, 0, 1, 0, -0.616211, 0, 0.787581, -0.828432, 0.419022, -0.49969 )
shape = SubResource( 12 )

[node name="GUI" type="Control" parent="."]
anchor_right = 1.0
anchor_bottom = 1.0
mouse_filter = 2
__meta__ = {
"_edit_use_anchors_": false
}

[node name="Button" type="Button" parent="GUI"]
anchor_left = 1.0
anchor_right = 1.0
margin_left = -75.0
margin_top = 12.0
margin_right = -12.0
margin_bottom = 32.0
text = "Settings"
__meta__ = {
"_edit_use_anchors_": false
}

[node name="Destination" type="Label" parent="GUI"]
margin_left = 12.0
margin_top = 12.0
margin_right = 128.0
margin_bottom = 26.0
text = "Destination: None"
__meta__ = {
"_edit_use_anchors_": false
}
[connection signal="input_event" from="Mainland/Restaurant" to="." method="_on_Restaurant_input_event"]
[connection signal="input_event" from="Mainland/Fishing" to="." method="_on_Fishing_input_event"]
[connection signal="input_event" from="Foraging" to="." method="_on_Foraging_input_event"]
